200101254222 3 0 0 7 71310 7 47  2  0  0  3  3  5  4  3  20.00---069.40
200102254223 0 0 3 3 3 71010 37  0  0  2  2  2  3  4  4  20.00---069.50
200103254224 710272010 7 313 97  3  4 12  7  4  3  2  5  50.21---068.90
20010425422517 7 7 710202320110  6  3  3  3  4  7  9  7  50.21---069.80
2001052542261710171320203327157  6  4  6  5  7  7 18 12  80.42---069.40
200106254227333017 3 7102317140 18 15  6  2  3  4  9  6  80.42---068.10
2001072543 1101710 3 7101320 90  4  6  4  2  3  4  5  7  40.21---069.30
2001082543 21010 3 317271723110  4  4  2  2  6 12  6  9  60.31---071.20
2001092543 32730372317232317197 12 15 22  9  6  9  9  6 110.63---071.90
2001102543 410 72323171713 7117  4  3  9  9  6  6  5  3  60.31---070.40
2001112543 520232013 313 3 7103  7  9  7  5  2  5  2  3  50.21---071.00
2001122543 61017 7 3 3 0 0 3 43  4  6  3  2  2  0  0  2  20.00---069.50
2001132543 7 3 7 3 3 3 0 7 7 33  2  3  2  2  2  0  3  3  20.00---069.10
2001142543 8 3 3 3 7 3 3 0 0 23  2  2  2  3  2  2  0  0  20.00---069.50
2001152543 9 3 0 720 7 7 713 63  2  0  3  7  3  3  3  5  30.10---068.90
